0 0.432430 0.371084 0.351807 0.559036
1 0.418374 0.663052 0.100402 0.145382
1 0.466165 0.807631 0.115663 0.116466
1 0.550100 0.721687 0.126104 0.098795
1 0.230020 0.852209 0.118875 0.114056
1 0.649297 0.687550 0.106024 0.117269
1 0.881426 0.732530 0.114056 0.114056
1 0.980070 0.775502 0.039859 0.121285
1 0.658133 0.507631 0.125301 0.191165
1 0.717972 0.315261 0.108434 0.143775
1 0.573795 0.212450 0.123695 0.135743
1 0.383835 0.063855 0.116466 0.118072
1 0.231225 0.097992 0.106827 0.138153
1 0.153715 0.297590 0.088353 0.155020
1 0.143675 0.470281 0.100402 0.127711
1 0.034287 0.133735 0.068574 0.106827
