0 0.317771 0.523896 0.199799 0.337751
1 0.104317 0.747390 0.076305 0.095582
1 0.134438 0.808032 0.083534 0.078715
1 0.413153 0.814056 0.086747 0.092369
1 0.184639 0.688755 0.073092 0.079518
1 0.107530 0.629317 0.060241 0.090763
1 0.057329 0.320482 0.070683 0.088353
1 0.162149 0.126104 0.090763 0.088353
1 0.327610 0.316466 0.068273 0.096386
1 0.441265 0.387952 0.089960 0.091566
1 0.431627 0.449799 0.064257 0.080321
1 0.507932 0.808434 0.077108 0.116466
1 0.763755 0.681526 0.097189 0.100402
1 0.943273 0.593976 0.106024 0.073092
1 0.687199 0.464157 0.083233 0.065663
1 0.703916 0.419679 0.086747 0.061847
1 0.756125 0.237349 0.101205 0.071486
1 0.870582 0.128112 0.074699 0.066667
1 0.917570 0.044177 0.083534 0.059438
1 0.556576 0.107229 0.063554 0.090763
1 0.358534 0.206024 0.080321 0.077912
1 0.385843 0.331325 0.081928 0.065060
1 0.361747 0.674699 0.069076 0.091566
1 0.220783 0.514859 0.110040 0.062651
1 0.607932 0.340562 0.113253 0.064257
