0 0.391717 0.537349 0.189056 0.338956
1 0.092671 0.275502 0.067470 0.114056
1 0.249297 0.666667 0.054618 0.104418
1 0.281827 0.765060 0.060241 0.113253
1 0.360542 0.754217 0.071486 0.064257
1 0.424398 0.861847 0.083534 0.089960
1 0.532028 0.955823 0.065863 0.086747
1 0.537651 0.727711 0.065863 0.078715
1 0.040462 0.962249 0.075502 0.075502
1 0.062952 0.587952 0.056225 0.086747
1 0.123193 0.683133 0.065863 0.074699
1 0.280221 0.573092 0.061847 0.076305
1 0.188253 0.487550 0.085141 0.089960
1 0.301707 0.501305 0.079317 0.075703
1 0.823996 0.881125 0.085944 0.086747
1 0.970030 0.805623 0.059940 0.096386
1 0.779418 0.650201 0.088353 0.077912
1 0.527209 0.577108 0.065863 0.081124
1 0.738454 0.970281 0.086747 0.059438
1 0.799096 0.503213 0.069880 0.105221
1 0.745281 0.353815 0.092369 0.079518
1 0.568173 0.434538 0.073896 0.096386
1 0.524398 0.334940 0.081125 0.083534
1 0.439659 0.309237 0.078715 0.078715
1 0.279819 0.178313 0.069076 0.099598
1 0.518374 0.214458 0.099598 0.085141
1 0.756526 0.142570 0.076305 0.082731
1 0.932028 0.226104 0.067470 0.100402
1 0.972038 0.181526 0.055924 0.077108
1 0.733835 0.588153 0.076305 0.085944
1 0.482229 0.037349 0.059438 0.074699
