0 0.468373 0.555723 0.266064 0.492972
1 0.485442 0.836546 0.123695 0.090763
1 0.628414 0.743373 0.130121 0.119679
1 0.924799 0.600402 0.086747 0.130924
1 0.723193 0.496386 0.128514 0.123695
1 0.668574 0.430120 0.167068 0.103614
1 0.961195 0.276305 0.077610 0.106024
1 0.662952 0.134137 0.141366 0.097992
1 0.436446 0.262651 0.167068 0.086747
1 0.262952 0.266867 0.152610 0.112851
1 0.252510 0.469478 0.142972 0.148594
1 0.260542 0.644578 0.102811 0.111647
1 0.340462 0.752610 0.153414 0.073896
1 0.096135 0.587851 0.153112 0.131526
