0 0.522038 0.762952 0.142470 0.311446
1 0.439859 0.732932 0.073896 0.090763
1 0.408936 0.951004 0.081124 0.085141
1 0.649900 0.974297 0.048996 0.051406
1 0.618574 0.924498 0.057028 0.088353
1 0.131024 0.969478 0.074699 0.061044
1 0.276406 0.631325 0.073092 0.088353
1 0.065161 0.659036 0.061847 0.093976
1 0.537851 0.497590 0.102811 0.122892
1 0.582430 0.451807 0.066667 0.111647
1 0.751908 0.483936 0.076305 0.124498
1 0.792470 0.700803 0.067470 0.105221
1 0.927008 0.646185 0.057028 0.098795
1 0.958082 0.514056 0.083835 0.097992
1 0.969327 0.353414 0.061345 0.075502
1 0.701305 0.314056 0.066667 0.112450
1 0.528614 0.302811 0.076305 0.075502
1 0.488454 0.231325 0.058635 0.085141
1 0.596486 0.194378 0.070683 0.070683
1 0.658735 0.245783 0.058635 0.112450
1 0.590863 0.596787 0.075502 0.091566
1 0.898896 0.718876 0.073092 0.070683
1 0.693123 0.549297 0.077610 0.072088
1 0.739056 0.561044 0.060241 0.076305
1 0.244679 0.307229 0.061044 0.097189
1 0.267570 0.195582 0.053815 0.102008
1 0.265161 0.475502 0.053815 0.118875
1 0.205723 0.553815 0.048996 0.105221
1 0.076004 0.334538 0.077108 0.081124
1 0.266767 0.033735 0.065060 0.067470
1 0.420984 0.533835 0.048996 0.082932
1 0.429819 0.622490 0.074699 0.075502
1 0.441867 0.390361 0.074699 0.091566
1 0.439859 0.183936 0.057831 0.089960
1 0.880020 0.136546 0.057831 0.094779
1 0.921386 0.964257 0.047390 0.071486
