1 0.213554 0.475100 0.085944 0.105221
1 0.243273 0.352209 0.081124 0.092369
1 0.356125 0.314859 0.104418 0.101205
1 0.315964 0.747390 0.115663 0.084337
1 0.459739 0.722490 0.094779 0.097189
1 0.563755 0.671084 0.103614 0.118072
1 0.687048 0.556225 0.120482 0.177510
1 0.185442 0.774699 0.114859 0.119679
1 0.100301 0.747390 0.089157 0.140562
1 0.176205 0.618474 0.094779 0.149398
1 0.156928 0.425301 0.086747 0.116466
1 0.430020 0.185944 0.110843 0.085944
1 0.652912 0.353414 0.097189 0.118875
1 0.549699 0.259036 0.131727 0.089157
0 0.403112 0.502811 0.455422 0.404819
1 0.928815 0.346586 0.110843 0.137349
1 0.831225 0.872691 0.100402 0.127711
1 0.870181 0.760241 0.125301 0.121285
