1 0.260291 0.470884 0.079819 0.130522
1 0.269779 0.629317 0.093976 0.121285
1 0.171386 0.662249 0.086747 0.124498
1 0.452510 0.762651 0.125301 0.118072
1 0.611948 0.811647 0.129317 0.124498
1 0.674598 0.644980 0.090763 0.147791
0 0.449699 0.584940 0.360643 0.280321
1 0.613554 0.465060 0.093976 0.138153
1 0.893876 0.467068 0.079518 0.108434
1 0.946335 0.559839 0.107329 0.094779
1 0.644478 0.337751 0.091566 0.118072
1 0.441265 0.412851 0.097992 0.122088
1 0.425602 0.105622 0.085944 0.108434
1 0.366817 0.040161 0.117771 0.080321
1 0.026255 0.272691 0.052510 0.137349
1 0.128012 0.298394 0.077108 0.110040
1 0.027861 0.092369 0.055723 0.099598
