0 0.487851 0.508835 0.338956 0.309237
1 0.494980 0.609237 0.090361 0.090763
1 0.724398 0.826506 0.077912 0.125301
1 0.621988 0.885542 0.117269 0.092369
1 0.406727 0.725703 0.101205 0.079518
1 0.349297 0.808032 0.116466 0.106024
1 0.298293 0.722490 0.104418 0.084337
1 0.109137 0.669880 0.097189 0.109237
1 0.092671 0.732129 0.107631 0.076305
1 0.299900 0.499598 0.069076 0.093173
1 0.314759 0.409639 0.074699 0.118875
1 0.389056 0.351807 0.085141 0.091566
1 0.486647 0.295181 0.092370 0.068273
1 0.553715 0.225301 0.099598 0.076305
1 0.677410 0.181125 0.104418 0.065060
1 0.694277 0.414056 0.077108 0.090763
1 0.703112 0.518072 0.085141 0.083534
1 0.938404 0.198193 0.083635 0.097590
1 0.135241 0.283534 0.073896 0.115663
1 0.415964 0.027711 0.085944 0.055422
