0 0.540060 0.592771 0.265060 0.517269
1 0.501506 0.923293 0.101205 0.122892
1 0.366968 0.956627 0.095582 0.086747
1 0.080221 0.715663 0.085944 0.106024
1 0.027610 0.742169 0.054618 0.142972
1 0.118374 0.620080 0.104418 0.114056
1 0.027058 0.259839 0.054116 0.095582
1 0.248092 0.549799 0.093976 0.121285
1 0.300954 0.239759 0.087851 0.113253
1 0.374197 0.228112 0.081125 0.117269
1 0.434438 0.208835 0.076305 0.125301
1 0.297892 0.177510 0.093976 0.122088
1 0.065763 0.028916 0.110040 0.057831
1 0.671386 0.338554 0.114859 0.111647
1 0.834036 0.583133 0.117269 0.115663
1 0.736697 0.795582 0.107932 0.103614
1 0.955171 0.486747 0.089659 0.128514
1 0.496938 0.018072 0.094277 0.036145
