0 0.387851 0.546988 0.320482 0.366265
1 0.288655 0.762651 0.101205 0.087550
1 0.392269 0.820884 0.085141 0.077108
1 0.545683 0.946185 0.081928 0.089960
1 0.154518 0.924096 0.106024 0.113253
1 0.219177 0.829317 0.084337 0.119679
1 0.231225 0.722490 0.071486 0.114859
1 0.213554 0.550201 0.073092 0.102811
1 0.593474 0.571084 0.100402 0.077108
1 0.705924 0.608434 0.076305 0.106827
1 0.802309 0.512851 0.103615 0.114859
1 0.968022 0.396386 0.063956 0.111647
1 0.966014 0.957028 0.067972 0.074699
1 0.657329 0.438956 0.088353 0.108434
1 0.907530 0.226506 0.077912 0.096386
1 0.949347 0.133534 0.099297 0.078715
1 0.601506 0.332932 0.085944 0.102008
1 0.527209 0.189558 0.088353 0.096386
1 0.485040 0.122892 0.076305 0.115663
1 0.648092 0.050602 0.092369 0.101205
1 0.161747 0.351807 0.086747 0.123695
1 0.044729 0.201205 0.089458 0.102008
1 0.627209 0.846988 0.087550 0.134137
1 0.948745 0.745382 0.102510 0.126908
1 0.858936 0.104016 0.102811 0.110040
1 0.775803 0.013655 0.081124 0.027309
