0 0.556125 0.529317 0.232932 0.348594
1 0.462550 0.510442 0.085944 0.082731
1 0.666165 0.673092 0.081928 0.085141
1 0.699900 0.798394 0.065863 0.091566
1 0.624799 0.803213 0.079518 0.069076
1 0.501506 0.974699 0.051406 0.050602
1 0.181426 0.728313 0.089157 0.079518
1 0.115964 0.673092 0.086747 0.096386
1 0.103112 0.358635 0.083534 0.089157
1 0.305924 0.659839 0.092369 0.103614
1 0.179819 0.166667 0.084337 0.071486
1 0.316365 0.257028 0.063454 0.085141
1 0.755723 0.697189 0.063454 0.101205
1 0.942470 0.913655 0.083534 0.079518
1 0.920382 0.742972 0.069879 0.089960
1 0.844076 0.678313 0.063454 0.103614
1 0.712349 0.486345 0.068273 0.098795
1 0.732831 0.230522 0.080321 0.085141
1 0.858133 0.394378 0.073896 0.075502
1 0.860542 0.103213 0.078715 0.092369
1 0.934438 0.129719 0.077108 0.077912
1 0.941667 0.344578 0.073896 0.093173
1 0.618374 0.237349 0.069880 0.089157
1 0.554920 0.237751 0.079518 0.093173
1 0.225602 0.027711 0.093976 0.055422
1 0.360141 0.081125 0.085141 0.085141
1 0.077811 0.165462 0.089157 0.102811
1 0.550100 0.714458 0.105221 0.084337
