0 0.387851 0.556627 0.330121 0.367872
1 0.237651 0.722088 0.084337 0.109237
1 0.221034 0.848193 0.063956 0.128514
1 0.169378 0.927711 0.084337 0.118876
1 0.300301 0.770683 0.073092 0.069880
1 0.409538 0.824498 0.093976 0.079518
1 0.544880 0.951807 0.114056 0.070683
1 0.619578 0.847390 0.086747 0.102811
1 0.596285 0.579518 0.097992 0.073092
1 0.711145 0.622892 0.072289 0.126104
1 0.955723 0.742972 0.087550 0.109237
1 0.807530 0.520884 0.089960 0.105221
1 0.969629 0.410442 0.060743 0.120482
1 0.669779 0.440562 0.079518 0.108434
1 0.591868 0.331727 0.093976 0.093173
1 0.540863 0.196787 0.094779 0.093173
1 0.498695 0.131727 0.087550 0.106024
1 0.645281 0.048193 0.077108 0.096386
1 0.913153 0.221285 0.100402 0.074699
1 0.853715 0.118474 0.090763 0.110040
1 0.778213 0.024096 0.073092 0.048193
1 0.957279 0.137550 0.079418 0.074297
1 0.049197 0.206928 0.098394 0.110241
1 0.171386 0.361446 0.093173 0.117269
1 0.220783 0.557028 0.084337 0.102008
1 0.974046 0.963052 0.051908 0.073896
