0 0.559337 0.521687 0.223293 0.367068
1 0.472641 0.506827 0.097892 0.088353
1 0.662550 0.673092 0.076305 0.089960
1 0.697892 0.798394 0.095582 0.106024
1 0.630422 0.803614 0.095582 0.081124
1 0.556526 0.718876 0.095582 0.069076
1 0.948896 0.906827 0.081928 0.089960
1 0.503112 0.967871 0.067470 0.064257
1 0.188906 0.737751 0.080020 0.084337
1 0.119578 0.673092 0.087550 0.080321
1 0.111948 0.366667 0.086747 0.108434
1 0.182631 0.182329 0.075502 0.096386
1 0.070582 0.166265 0.085944 0.094779
1 0.330422 0.267871 0.089960 0.111647
1 0.554518 0.237349 0.081928 0.085944
1 0.626004 0.251406 0.097992 0.091566
1 0.737651 0.223293 0.072289 0.073896
1 0.732028 0.487149 0.077108 0.098795
1 0.751707 0.704016 0.073092 0.087550
1 0.850502 0.677510 0.069879 0.095582
1 0.861747 0.099197 0.087550 0.079518
1 0.934036 0.133333 0.066667 0.099598
1 0.938454 0.357831 0.086747 0.106827
1 0.222791 0.031325 0.091566 0.062651
1 0.365361 0.067470 0.087550 0.091566
1 0.038303 0.429317 0.076606 0.073092
1 0.929367 0.742269 0.091064 0.107831
1 0.305572 0.653614 0.109137 0.096386
