0 0.403112 0.537349 0.325301 0.359839
1 0.298293 0.765863 0.086747 0.079518
1 0.407129 0.815261 0.087550 0.096386
1 0.549297 0.955422 0.084337 0.069880
1 0.171386 0.933735 0.077108 0.100402
1 0.213956 0.836145 0.088353 0.106024
1 0.238454 0.730924 0.069879 0.102811
1 0.209538 0.555020 0.095582 0.109237
1 0.158534 0.355823 0.078715 0.094779
1 0.051305 0.208434 0.082731 0.126104
1 0.489257 0.131325 0.075502 0.075502
1 0.523594 0.197590 0.082731 0.097992
1 0.585843 0.332932 0.096386 0.102008
1 0.663353 0.446185 0.108434 0.095582
1 0.583835 0.571084 0.090763 0.080321
1 0.703916 0.606426 0.089960 0.112450
1 0.797892 0.519679 0.089960 0.128514
1 0.632430 0.839759 0.093173 0.121285
1 0.945281 0.732129 0.098795 0.121285
1 0.963203 0.388755 0.073594 0.138153
1 0.903514 0.224096 0.103614 0.104418
1 0.944729 0.145783 0.110542 0.089157
1 0.960793 0.943775 0.078414 0.112450
1 0.635241 0.061847 0.089157 0.123695
1 0.767771 0.024096 0.084337 0.048193
1 0.850100 0.115663 0.089960 0.109237
