1 0.587450 0.567872 0.101205 0.080321
0 0.391064 0.544578 0.336546 0.364659
1 0.221586 0.543374 0.087550 0.121285
1 0.233635 0.718072 0.076305 0.099598
1 0.295482 0.765863 0.073092 0.081124
1 0.214759 0.833333 0.069076 0.111647
1 0.170181 0.940161 0.087550 0.111647
1 0.404317 0.812048 0.109237 0.086747
1 0.543273 0.952610 0.107631 0.077108
1 0.628815 0.846586 0.105221 0.109237
1 0.708333 0.623695 0.073092 0.126104
1 0.808735 0.516867 0.118072 0.129317
1 0.966014 0.385542 0.067972 0.101205
1 0.915161 0.211647 0.094779 0.087550
1 0.671787 0.428514 0.101205 0.114859
1 0.595080 0.316064 0.102008 0.114859
1 0.534036 0.185542 0.097189 0.101205
1 0.493474 0.118072 0.078715 0.094779
1 0.648896 0.042570 0.087550 0.085141
1 0.854920 0.101205 0.085141 0.120482
1 0.048494 0.196787 0.093173 0.110843
1 0.166165 0.349799 0.095582 0.119679
1 0.950753 0.746586 0.098494 0.135743
1 0.960392 0.947791 0.079217 0.104418
1 0.939659 0.127711 0.095582 0.088353
