0 0.572992 0.526908 0.234538 0.364659
1 0.477008 0.512048 0.097189 0.089157
1 0.563755 0.708032 0.073092 0.060241
1 0.620382 0.809237 0.075502 0.087550
1 0.701908 0.789558 0.085944 0.091566
1 0.938855 0.904819 0.081124 0.097189
1 0.519177 0.970281 0.088353 0.059438
1 0.185843 0.725301 0.085141 0.078715
1 0.303062 0.643273 0.098092 0.109036
1 0.123193 0.671084 0.077108 0.077912
1 0.115964 0.361446 0.093173 0.101205
1 0.069779 0.159036 0.074699 0.097992
1 0.191064 0.161446 0.079518 0.091566
1 0.324799 0.263454 0.075502 0.083534
1 0.224799 0.028916 0.076305 0.057831
1 0.360542 0.080723 0.113253 0.087550
1 0.561747 0.247390 0.072289 0.080321
1 0.626406 0.247791 0.066667 0.085944
1 0.740863 0.211245 0.080321 0.070683
1 0.856928 0.400803 0.085944 0.086747
1 0.863755 0.096787 0.069076 0.065060
1 0.928012 0.128112 0.075502 0.073092
1 0.938052 0.338956 0.082731 0.112450
1 0.726807 0.489558 0.071486 0.113253
1 0.658333 0.517671 0.080321 0.088353
1 0.766968 0.700402 0.084337 0.110843
1 0.843675 0.670281 0.081928 0.100402
1 0.920382 0.733333 0.071486 0.099598
