0 0.387450 0.529719 0.348594 0.351004
1 0.219227 0.703213 0.085643 0.099598
1 0.292671 0.735341 0.110843 0.068273
1 0.206878 0.809940 0.082229 0.113052
1 0.153313 0.900000 0.079518 0.116466
1 0.203514 0.960241 0.112450 0.079518
1 0.394277 0.786345 0.095582 0.089960
1 0.538454 0.921687 0.107631 0.082731
1 0.620783 0.818876 0.090763 0.114859
1 0.596285 0.558635 0.107630 0.069879
1 0.699096 0.595181 0.110843 0.107631
1 0.800904 0.502811 0.100402 0.111647
1 0.972841 0.387149 0.054317 0.109237
1 0.966416 0.926506 0.067169 0.084337
1 0.791466 0.979116 0.115663 0.041767
1 0.954518 0.718876 0.081928 0.109237
1 0.661345 0.422088 0.073896 0.105221
1 0.597892 0.324900 0.109237 0.084337
1 0.527610 0.179116 0.090763 0.089960
1 0.482229 0.118072 0.083534 0.089960
1 0.642068 0.044578 0.083534 0.089157
1 0.908333 0.208835 0.092369 0.094779
1 0.848896 0.100000 0.076305 0.110040
1 0.949749 0.128916 0.096486 0.098795
1 0.051556 0.191165 0.103112 0.093173
1 0.162550 0.344177 0.091566 0.113253
1 0.205522 0.534538 0.093976 0.113253
1 0.778614 0.022892 0.067470 0.045783
