0 0.394076 0.471084 0.400000 0.261044
1 0.231627 0.632932 0.134940 0.130120
1 0.418574 0.649398 0.149398 0.093976
1 0.488253 0.885542 0.108434 0.126104
1 0.594277 0.626908 0.102008 0.132530
1 0.677811 0.461446 0.124498 0.174297
1 0.809538 0.374699 0.124498 0.159839
1 0.785040 0.197189 0.130121 0.198394
1 0.622791 0.296787 0.155823 0.164659
1 0.467771 0.251406 0.151004 0.179920
1 0.529267 0.165060 0.134237 0.139357
1 0.345281 0.204016 0.172691 0.207229
1 0.199498 0.291165 0.138153 0.155020
1 0.170181 0.427711 0.132530 0.161446
1 0.707932 0.050201 0.130120 0.100402
