0 0.488655 0.706827 0.218474 0.255422
1 0.520783 0.828916 0.069076 0.104418
1 0.418374 0.873494 0.073092 0.058635
1 0.261345 0.897189 0.081928 0.072289
1 0.114759 0.662651 0.071486 0.061044
1 0.085040 0.797992 0.079518 0.095582
1 0.201506 0.737751 0.089157 0.076305
1 0.210944 0.648996 0.081928 0.085141
1 0.323594 0.687550 0.066667 0.069076
1 0.333233 0.516064 0.055422 0.066667
1 0.488253 0.513655 0.065060 0.077912
1 0.628815 0.722088 0.050602 0.069076
1 0.585843 0.683936 0.064257 0.073092
1 0.393072 0.643775 0.067470 0.057028
1 0.661747 0.507631 0.053815 0.078715
1 0.743675 0.415261 0.057028 0.056225
1 0.596285 0.429317 0.041767 0.073092
1 0.436446 0.422490 0.043373 0.075502
1 0.238052 0.464257 0.057831 0.073896
1 0.148896 0.404016 0.085141 0.059438
1 0.416767 0.357831 0.077912 0.077912
1 0.046486 0.312048 0.061847 0.071486
1 0.244880 0.256627 0.053815 0.090763
1 0.205121 0.361446 0.051406 0.085141
1 0.151305 0.193173 0.057831 0.077912
1 0.095884 0.126506 0.067470 0.074699
1 0.151305 0.095582 0.067470 0.064257
1 0.224398 0.149398 0.053012 0.096386
1 0.306325 0.189960 0.059438 0.079518
1 0.579016 0.213855 0.086747 0.061044
1 0.658936 0.359438 0.044980 0.066667
1 0.710341 0.361847 0.056225 0.087550
1 0.885442 0.339759 0.061044 0.083534
1 0.863353 0.289157 0.055422 0.059438
1 0.864558 0.232129 0.056225 0.077108
1 0.685442 0.181124 0.059438 0.071486
1 0.744880 0.162249 0.067470 0.057831
1 0.578865 0.167068 0.079217 0.061044
1 0.453313 0.167470 0.069076 0.074699
1 0.237249 0.061044 0.070683 0.070683
1 0.584237 0.071486 0.075502 0.067470
1 0.815562 0.161446 0.054618 0.077108
1 0.807129 0.028112 0.079518 0.056225
