0 0.440863 0.311647 0.138956 0.232932
1 0.326004 0.250602 0.068273 0.104418
1 0.325201 0.353012 0.077912 0.081124
1 0.188655 0.327711 0.076305 0.069076
1 0.074598 0.392369 0.082731 0.068273
1 0.115964 0.331526 0.039357 0.070683
1 0.199498 0.167068 0.065863 0.072289
1 0.039659 0.179920 0.054618 0.089960
1 0.283032 0.046185 0.064257 0.052209
1 0.375000 0.194779 0.073092 0.092369
1 0.574598 0.323293 0.043373 0.060241
1 0.608333 0.355823 0.061044 0.059438
1 0.558936 0.262651 0.055422 0.054618
1 0.666968 0.309639 0.062651 0.057028
1 0.805924 0.157831 0.061044 0.057028
1 0.771787 0.030522 0.069879 0.041767
1 0.809940 0.327309 0.057831 0.062651
1 0.865763 0.331727 0.057028 0.067470
1 0.849297 0.268273 0.069076 0.072289
1 0.917169 0.145783 0.069879 0.071486
1 0.952912 0.415663 0.059438 0.077912
1 0.865763 0.414458 0.057028 0.077108
1 0.714759 0.444980 0.066667 0.067470
1 0.500653 0.449398 0.050904 0.057831
1 0.438253 0.454819 0.061847 0.061847
1 0.371787 0.591165 0.053012 0.073092
1 0.417972 0.602410 0.057831 0.070683
1 0.300050 0.580321 0.056526 0.068273
1 0.358133 0.424096 0.053815 0.059438
1 0.195080 0.684739 0.068273 0.053815
1 0.115161 0.592771 0.054618 0.088353
1 0.156124 0.714458 0.038554 0.065060
1 0.025452 0.515261 0.050904 0.081125
1 0.271787 0.440964 0.057831 0.048193
1 0.485442 0.751004 0.057831 0.065863
1 0.400301 0.732129 0.046586 0.052209
1 0.280623 0.681125 0.059438 0.054618
1 0.740863 0.661446 0.061044 0.082731
1 0.776606 0.608434 0.066667 0.066667
1 0.893675 0.665060 0.057831 0.081124
1 0.545683 0.808434 0.053012 0.097189
1 0.727610 0.718876 0.053815 0.057831
1 0.519177 0.694779 0.057831 0.061044
1 0.660141 0.465462 0.066667 0.053815
1 0.131225 0.906024 0.061044 0.078715
