0 0.522390 0.441365 0.221687 0.219277
1 0.636446 0.446185 0.069076 0.076305
1 0.875000 0.645382 0.064257 0.087550
1 0.879418 0.725703 0.061847 0.082731
1 0.646486 0.884739 0.090763 0.084337
1 0.689458 0.971084 0.062651 0.057831
1 0.561345 0.739759 0.066667 0.061044
1 0.429217 0.885542 0.093976 0.085944
1 0.333233 0.624096 0.053815 0.089960
1 0.377008 0.646586 0.056225 0.075502
1 0.072992 0.692369 0.093976 0.062651
1 0.136847 0.450201 0.075502 0.058635
1 0.237651 0.485542 0.063454 0.090763
1 0.054518 0.428112 0.065060 0.057831
1 0.019428 0.396787 0.038855 0.057831
1 0.050904 0.357430 0.053012 0.059438
1 0.120382 0.394779 0.071486 0.066667
1 0.153715 0.242169 0.065863 0.060241
1 0.234438 0.132932 0.076305 0.065060
1 0.303112 0.226908 0.073896 0.069880
1 0.456125 0.224096 0.065060 0.069076
1 0.402711 0.042570 0.083534 0.057831
1 0.466165 0.132530 0.070683 0.069076
1 0.620783 0.229317 0.065060 0.082731
1 0.680070 0.321988 0.061546 0.084940
1 0.747289 0.273494 0.070683 0.066667
1 0.802711 0.395582 0.046586 0.098795
1 0.892269 0.510040 0.081124 0.067470
1 0.959739 0.457430 0.069880 0.084337
1 0.764960 0.185141 0.057831 0.084337
1 0.734036 0.015261 0.069879 0.030522
1 0.614759 0.082329 0.064257 0.074699
1 0.558936 0.091165 0.073092 0.060241
1 0.917169 0.936948 0.058635 0.089157
1 0.970582 0.924900 0.048193 0.073092
1 0.973645 0.690763 0.052711 0.057831
1 0.553163 0.558936 0.074398 0.076908
1 0.485843 0.848594 0.069880 0.066667
1 0.365361 0.869880 0.071486 0.069076
1 0.051305 0.061446 0.068273 0.081125
1 0.905120 0.141767 0.065060 0.093976
1 0.976857 0.188755 0.046285 0.088353
1 0.728012 0.825301 0.069076 0.097189
