0 0.319980 0.378313 0.284337 0.321285
1 0.459337 0.553414 0.138956 0.136546
1 0.412349 0.692370 0.134940 0.104418
1 0.306727 0.673092 0.090763 0.099598
1 0.515562 0.748193 0.098795 0.082731
1 0.066968 0.753815 0.118876 0.114859
1 0.072189 0.568675 0.100402 0.136546
1 0.077410 0.371084 0.109237 0.104418
1 0.641265 0.303614 0.099598 0.149398
1 0.655723 0.460241 0.089960 0.144578
1 0.741667 0.284337 0.112450 0.147791
1 0.746084 0.139759 0.127711 0.138153
1 0.467370 0.027711 0.150201 0.055422
1 0.892269 0.967068 0.110040 0.065863
