0 0.479016 0.446185 0.258635 0.368675
1 0.529217 0.654619 0.119679 0.075502
1 0.631426 0.599398 0.103614 0.106024
1 0.676205 0.502410 0.108434 0.113253
1 0.860141 0.587149 0.130924 0.107631
1 0.913153 0.818072 0.085944 0.084337
1 0.945934 0.676305 0.108132 0.088353
1 0.659940 0.915462 0.106827 0.089960
1 0.375402 0.614056 0.083534 0.105221
1 0.338203 0.546185 0.092671 0.104418
1 0.139257 0.587952 0.107630 0.097992
1 0.129618 0.778715 0.106024 0.097189
1 0.026104 0.758233 0.052209 0.102811
1 0.289458 0.419679 0.078715 0.110040
1 0.250100 0.280321 0.114056 0.085141
1 0.334036 0.189960 0.118072 0.114859
1 0.295482 0.096787 0.097189 0.102811
1 0.695482 0.344980 0.119679 0.092369
1 0.944277 0.348795 0.096386 0.091566
1 0.824799 0.157028 0.102008 0.084337
1 0.828815 0.061647 0.099598 0.085944
1 0.576606 0.980321 0.082731 0.039357
1 0.500301 0.239357 0.092370 0.077108
