0 0.561345 0.500000 0.373494 0.257831
1 0.386245 0.606827 0.114859 0.127711
1 0.473394 0.655020 0.081928 0.084337
1 0.605924 0.626908 0.102811 0.076305
1 0.742068 0.691968 0.113253 0.129317
1 0.238454 0.955020 0.106827 0.089960
1 0.039508 0.853414 0.079016 0.126104
1 0.099498 0.518072 0.110040 0.088353
1 0.049950 0.449799 0.099900 0.142972
1 0.361345 0.411245 0.092369 0.146185
1 0.150904 0.408835 0.108434 0.107631
1 0.440060 0.316064 0.076305 0.108434
1 0.511546 0.301205 0.100402 0.085141
1 0.640863 0.324096 0.085944 0.127711
1 0.797892 0.371084 0.107631 0.117269
1 0.704367 0.426908 0.097289 0.110040
1 0.796285 0.589558 0.081928 0.131727
1 0.101908 0.134538 0.116466 0.116466
1 0.346084 0.212048 0.110040 0.122088
1 0.644076 0.030120 0.114859 0.060241
1 0.678213 0.136145 0.075502 0.092369
