0 0.490462 0.545181 0.101205 0.131727
1 0.379016 0.687550 0.040964 0.036948
1 0.253313 0.975100 0.040161 0.036948
1 0.364558 0.908434 0.037751 0.044980
1 0.203514 0.827309 0.035341 0.041767
1 0.166566 0.859839 0.043374 0.042570
1 0.084639 0.915261 0.040161 0.037751
1 0.131225 0.777108 0.041767 0.044177
1 0.193072 0.735743 0.035341 0.038554
1 0.295482 0.766667 0.028112 0.036145
1 0.242470 0.747390 0.034538 0.037751
1 0.274197 0.737751 0.035341 0.032932
1 0.313554 0.670683 0.036948 0.035341
1 0.326004 0.618474 0.032932 0.033735
1 0.320783 0.537349 0.035341 0.033735
1 0.054116 0.708032 0.038554 0.039357
1 0.089859 0.692370 0.037751 0.048193
1 0.119980 0.665863 0.040161 0.049799
1 0.215562 0.546988 0.038554 0.043374
1 0.245532 0.570382 0.041064 0.050402
1 0.099900 0.532129 0.046586 0.045783
1 0.014056 0.501606 0.028112 0.032932
1 0.019829 0.408434 0.039659 0.040964
1 0.044880 0.295984 0.032932 0.037751
1 0.246888 0.506426 0.040161 0.047390
1 0.201104 0.497590 0.038554 0.047390
1 0.204317 0.343775 0.046586 0.043373
1 0.218374 0.440562 0.039357 0.050602
1 0.481827 0.614056 0.026506 0.031325
1 0.559337 0.643374 0.030522 0.030522
1 0.508735 0.614458 0.032129 0.027309
1 0.499096 0.751004 0.040161 0.041767
1 0.604719 0.775502 0.037751 0.048996
1 0.554116 0.934137 0.031325 0.038554
1 0.605773 0.928414 0.038855 0.036747
1 0.655321 0.946185 0.039358 0.033735
1 0.701908 0.871084 0.029719 0.037751
1 0.760141 0.814458 0.033735 0.048193
1 0.819578 0.841365 0.040161 0.034538
1 0.854116 0.878313 0.041767 0.034538
1 0.527209 0.794378 0.027309 0.036948
1 0.423996 0.799197 0.034538 0.043374
1 0.614759 0.695984 0.036948 0.052209
1 0.985291 0.775502 0.029418 0.042570
1 0.915562 0.690763 0.031325 0.038554
1 0.838454 0.687550 0.037751 0.036948
1 0.715161 0.700000 0.035341 0.039357
1 0.776205 0.639759 0.036948 0.050602
1 0.386245 0.965060 0.040964 0.037751
1 0.598293 0.596386 0.037751 0.039357
1 0.628815 0.609639 0.040964 0.035341
1 0.852109 0.585944 0.036145 0.037751
1 0.813956 0.569880 0.036948 0.036145
1 0.287851 0.439357 0.051406 0.041767
1 0.831225 0.495984 0.037751 0.044177
1 0.946486 0.583133 0.040161 0.048193
1 0.955321 0.646185 0.038554 0.047390
1 0.465763 0.437751 0.045783 0.051406
1 0.404719 0.305221 0.039357 0.033735
1 0.366968 0.301205 0.032932 0.035341
1 0.737249 0.607631 0.042570 0.032932
1 0.623193 0.563454 0.037751 0.042570
1 0.668976 0.478313 0.040964 0.050602
1 0.726004 0.434940 0.034538 0.037751
1 0.782631 0.333333 0.030522 0.048193
1 0.835643 0.351406 0.043373 0.034538
1 0.929618 0.381928 0.043373 0.047390
1 0.943675 0.468675 0.040964 0.050602
1 0.946888 0.528916 0.039358 0.040964
1 0.298695 0.402008 0.034538 0.039357
1 0.333635 0.410040 0.030522 0.036145
1 0.113153 0.153414 0.048996 0.038554
1 0.151707 0.105221 0.042570 0.035341
1 0.593876 0.531727 0.038554 0.044980
1 0.807932 0.234940 0.040964 0.037751
1 0.630020 0.324096 0.040161 0.042570
1 0.558133 0.440964 0.044177 0.043373
1 0.437249 0.356225 0.041767 0.042570
1 0.367771 0.526908 0.036145 0.038554
1 0.271787 0.106827 0.041767 0.043373
1 0.386245 0.173092 0.031325 0.036145
1 0.679819 0.551406 0.046586 0.047390
1 0.712751 0.237349 0.040161 0.050602
1 0.980472 0.387149 0.039056 0.041767
1 0.930020 0.156627 0.036145 0.040161
1 0.956526 0.163454 0.034538 0.036145
1 0.968173 0.125703 0.046586 0.040964
1 0.802711 0.184337 0.038554 0.044177
1 0.454920 0.063855 0.038554 0.034538
1 0.493875 0.171084 0.031325 0.051406
1 0.631225 0.103614 0.034538 0.046586
1 0.880221 0.075502 0.040964 0.051406
1 0.519578 0.322892 0.045783 0.051406
1 0.860542 0.400402 0.033735 0.034538
1 0.154116 0.016064 0.039357 0.032129
1 0.340462 0.087550 0.034538 0.033735
1 0.422390 0.051807 0.040964 0.037751
1 0.053715 0.208835 0.040964 0.043374
1 0.522390 0.100402 0.040161 0.044980
1 0.065763 0.262249 0.034538 0.040964
1 0.685442 0.392771 0.044980 0.046586
1 0.707932 0.300000 0.040161 0.045783
1 0.529267 0.146988 0.029819 0.035341
1 0.677811 0.110843 0.034538 0.041767
1 0.647038 0.250100 0.053313 0.052008
