0 0.377410 0.439759 0.126104 0.354217
1 0.270984 0.701205 0.075502 0.097992
1 0.263353 0.863052 0.065060 0.106827
1 0.391064 0.706827 0.066667 0.089960
1 0.490261 0.680321 0.065863 0.109237
1 0.462550 0.785141 0.092370 0.082731
1 0.681426 0.765060 0.085140 0.114859
1 0.602309 0.575904 0.092369 0.085141
1 0.485843 0.405623 0.082731 0.067470
1 0.529619 0.361044 0.073896 0.060241
1 0.495884 0.257831 0.054618 0.094779
1 0.666566 0.380723 0.066667 0.094779
1 0.768976 0.445382 0.076305 0.080321
1 0.816767 0.586345 0.068273 0.089960
1 0.564157 0.107229 0.070683 0.095582
1 0.299498 0.054618 0.069880 0.059438
1 0.140863 0.078715 0.075502 0.077108
1 0.248494 0.610843 0.077108 0.093976
1 0.272189 0.476707 0.063454 0.100402
1 0.293072 0.387952 0.084337 0.091566
1 0.296687 0.297992 0.073896 0.075502
1 0.110341 0.553414 0.089960 0.080321
1 0.913956 0.079217 0.077912 0.084538
1 0.607129 0.379518 0.061847 0.077912
1 0.024649 0.470281 0.049297 0.073092
1 0.777008 0.961446 0.073896 0.077108
