0 0.601908 0.456627 0.183133 0.386345
1 0.685442 0.541767 0.080321 0.108434
1 0.748494 0.438554 0.090763 0.093173
1 0.764558 0.362651 0.090763 0.063454
1 0.926406 0.250201 0.078715 0.110040
1 0.636094 0.186345 0.081225 0.085141
1 0.572189 0.133333 0.096386 0.094779
1 0.330020 0.108434 0.087550 0.086747
1 0.471386 0.298394 0.090763 0.103614
1 0.230823 0.391968 0.099598 0.085141
1 0.400703 0.380321 0.087550 0.089157
1 0.127610 0.038956 0.079518 0.077912
1 0.113153 0.220482 0.076305 0.098795
1 0.166968 0.296787 0.106827 0.089157
1 0.137651 0.425301 0.086747 0.085944
1 0.034137 0.482932 0.068273 0.078313
1 0.265361 0.673092 0.089960 0.097992
1 0.034287 0.802008 0.068574 0.105221
1 0.118374 0.883936 0.078715 0.108434
1 0.497892 0.806426 0.087550 0.089960
1 0.485040 0.895181 0.092369 0.087550
1 0.662952 0.889558 0.062651 0.105221
1 0.910743 0.490763 0.093976 0.106024
1 0.845281 0.043775 0.097992 0.087550
