0 0.492269 0.512851 0.208835 0.449799
1 0.376205 0.774297 0.099598 0.096386
1 0.468976 0.761847 0.111647 0.071486
1 0.611145 0.810040 0.087550 0.092369
1 0.699900 0.772691 0.086747 0.118875
1 0.609137 0.612851 0.086747 0.106024
1 0.627610 0.509237 0.102811 0.120482
1 0.828012 0.582731 0.081124 0.069879
1 0.874598 0.541767 0.081124 0.110040
1 0.935643 0.274699 0.082731 0.125301
1 0.926807 0.095984 0.111647 0.066667
1 0.559337 0.263052 0.117269 0.095582
1 0.182631 0.306426 0.115663 0.113253
1 0.342068 0.478715 0.090763 0.123695
1 0.336044 0.620884 0.085141 0.130120
1 0.232028 0.751406 0.102008 0.111647
1 0.270984 0.849398 0.089960 0.105221
1 0.049699 0.730120 0.095582 0.107630
1 0.039910 0.606426 0.079819 0.101205
1 0.051305 0.951406 0.089157 0.097189
